{
 "cells": [
  {
   "cell_type": "markdown",
   "metadata": {},
   "source": [
    "# 3D Computer Vision (2023/24)\n",
    "\n",
    "## Exercise 1\n",
    "\n",
    "Submitted by Group xx: \n",
    "- Name1\n",
    "- Name2\n",
    "- Name3\n",
    "- Name4\n",
    "\n",
    "Upload: 08.11.2023 (11:30)\n",
    "\n",
    "**Deadline**: 21.11.2023 (23:59)\n",
    "\n",
    "Please hand in a single **.zip** file named according to the pattern \"**groupXX_exerciseX**\" (e.g. group00_exercise9). The contents of the .zip should be as follows:\n",
    "- folder named according to the pattern groupXX_exerciseX\n",
    "    - **.ipynb** file\n",
    "    - **.html** export of .ipynb with all the outputs you got\n",
    "    - **data** folder containing necessary files to run the code\n",
    "\n",
    "I.e.\n",
    "1. **unzip** the provided exerciseX.zip file\n",
    "2. **rename** folder \"exerciseX\" according to the pattern \"groupXX_exerciseX\"\n",
    "3. **solve** tasks inside .ipynb file\n",
    "4. **export** notebook as .html (File > Download as > HTML)\n",
    "5. **zip** folder groupXX_exerciseX\n",
    "6. **submit** groupXX_exerciseX.zip"
   ]
  },
  {
   "cell_type": "markdown",
   "metadata": {},
   "source": [
    "## Theory"
   ]
  },
  {
   "cell_type": "markdown",
   "metadata": {},
   "source": [
    "### T1. Camera with lenses"
   ]
  },
  {
   "cell_type": "markdown",
   "metadata": {},
   "source": [
    "#### (a)\n",
    "Given a camera with a distance $L$ between the film and the lens, derive the mathematical relationship (formula) between the height $H_o$ of the object in front of the camera and the height $H_i$ of its image. Additionally, explain the intuition behind the relationship. Assume a thin lens."
   ]
  },
  {
   "cell_type": "markdown",
   "metadata": {},
   "source": [
    "#### Solution\n",
    "- Similar triangles:\n",
    "$\\frac{y'}{D'} =\\frac{y}{D} $ $\\rightarrow$ $\\frac{H_i}{L} =\\frac{H_o}{D}$\n",
    "- therefore $\\frac{H_i}{H_o} =\\frac{L}{D}$\n",
    "- Interpretation: \n",
    "    - For the same distance to the lense $D$, a bigger object ($H_o$) has a bigger image ($H_i$)\n",
    "    - (OR) The further the object of height $H_o$ is away from the lense ($D$), the smaller is its image $H_i$"
   ]
  },
  {
   "cell_type": "markdown",
   "metadata": {},
   "source": [
    "### T2. Rotation \n",
    "An Object is roated around the x-axis by $90°$, then around the y-axis by $270°$, and finally around the z-axis by $180°$."
   ]
  },
  {
   "cell_type": "markdown",
   "metadata": {},
   "source": [
    "#### (a)\n",
    "Derive the 3D Roation Matrix that executes the same transformation.<br/>\n",
    "*Hint: the given values lead to 'nice' numbers.*"
   ]
  },
  {
   "cell_type": "markdown",
   "metadata": {},
   "source": [
    "#### Your answer goes here"
   ]
  },
  {
   "cell_type": "markdown",
   "metadata": {},
   "source": [
    "#### (b)\n",
    "Assume the object is a sphere with a radius of 3.5. Explain how the radius will change after the transformation. "
   ]
  },
  {
   "cell_type": "markdown",
   "metadata": {},
   "source": [
    "#### Your answer goes here"
   ]
  },
  {
   "cell_type": "markdown",
   "metadata": {},
   "source": [
    "#### (c)\n",
    "What is the rotation matrix that transforms the object back to its original orientation?<br/>\n",
    "*Hint: this should be very short*"
   ]
  },
  {
   "cell_type": "markdown",
   "metadata": {},
   "source": [
    "#### Your answer goes here"
   ]
  },
  {
   "cell_type": "markdown",
   "metadata": {},
   "source": [
    "### T3. Transformation Chain"
   ]
  },
  {
   "cell_type": "markdown",
   "metadata": {},
   "source": [
    "#### (a)\n",
    "Why are homogeneous coordinates used for transforming points between coordinate systems?"
   ]
  },
  {
   "cell_type": "markdown",
   "metadata": {},
   "source": [
    "#### Your answer goes here"
   ]
  },
  {
   "cell_type": "markdown",
   "metadata": {},
   "source": [
    "#### (b)\n",
    "Describe the transformation chain for mapping a point from the world coordinate system to the pixel coordinate system of an intrinsically and extrinsically calibrated camera.  Use formulas and explain the intermediate steps in words."
   ]
  },
  {
   "cell_type": "markdown",
   "metadata": {},
   "source": [
    "#### Your answer goes here"
   ]
  },
  {
   "cell_type": "markdown",
   "metadata": {},
   "source": [
    "#### (c)\n",
    "Describe the steps for modelling distortion. "
   ]
  },
  {
   "cell_type": "markdown",
   "metadata": {},
   "source": [
    "#### Your answer goes here"
   ]
  },
  {
   "cell_type": "markdown",
   "metadata": {},
   "source": [
    "## Implementation"
   ]
  },
  {
   "cell_type": "markdown",
   "metadata": {},
   "source": [
    "### I1. Distortion Modelling\n",
    "The **./data/** directory contains images of a chessboard that were used for calibrating a camera with high radial distortion. The results of the calibration (intrinsics of the camera and extrinsics for each board) are stored in **./data/calib.mat**."
   ]
  },
  {
   "cell_type": "code",
   "execution_count": 6,
   "metadata": {},
   "outputs": [],
   "source": [
    "'''You can add all your imports here'''\n",
    "import os\n",
    "\n",
    "import numpy as np\n",
    "import cv2 as cv\n",
    "import scipy.io as io\n",
    "from PIL import Image\n",
    "import matplotlib.pyplot as plt\n",
    "\n",
    "# scale_factor = 0.5\n",
    "\n",
    "# I = cv.imread(\"data/00000.jpg\", cv.IMREAD_GRAYSCALE)\n",
    "# I_resized = cv.resize(I, (0, 0), fx=scale_factor, fy=scale_factor)\n",
    "\n",
    "# plt.imshow(I_resized)\n",
    "\n",
    "# num_columns = 9\n",
    "# num_rows = 6\n",
    "\n",
    "# board_size = [num_rows-1, num_columns-1]\n",
    "\n",
    "# # Flags to findChessboardCorners that improve performance\n",
    "# detect_flags = cv.CALIB_CB_ADAPTIVE_THRESH + cv.CALIB_CB_NORMALIZE_IMAGE + cv.CALIB_CB_FAST_CHECK\n",
    "\n",
    "# ok, u = cv.findChessboardCorners(I, (board_size[0],board_size[1]), detect_flags)\n"
   ]
  },
  {
   "cell_type": "markdown",
   "metadata": {},
   "source": [
    "#### (a)\n",
    "Write a function that does the following:\n",
    "- Draw any number of 2D pixel points onto an image\n",
    "\n",
    "The inputs should be:\n",
    "- A single image\n",
    "- An Array of 2D pixel points\n",
    "- Color of the points to be drawn\n",
    "\n",
    "The output should be:\n",
    "- An image with points drawn onto it"
   ]
  },
  {
   "cell_type": "code",
   "execution_count": 104,
   "metadata": {},
   "outputs": [],
   "source": [
    "def draw_points(image, points, color):\n",
    "    '''Draws points on an image'''\n",
    "    for point in points:\n",
    "        print(\"Center:\", point)\n",
    "        print(\"Center (tuple):\", (point[0], point[1]))\n",
    "        image = cv.circle(image, (int(point[0]), int(point[1])), 3, color)\n",
    "    return image\n",
    "\n",
    "\n",
    "# I = cv.imread(\"data/00000.jpg\", cv.IMREAD_COLOR)\n",
    "# draw_points(I, [(5, 5), (10, 10)], (0, 0, 255))\n",
    "\n",
    "# # show image with matplotlib and correct color space\n",
    "# plt.imshow(cv.cvtColor(I, cv.COLOR_BGR2RGB))\n"
   ]
  },
  {
   "cell_type": "markdown",
   "metadata": {},
   "source": [
    "#### (b)\n",
    "Write a function **project_points** that does the following:\n",
    "- Convert 3D world points to 2D image points\n",
    "- As an option: model radial distortions (using k1, k2, k5)\n",
    "\n",
    "The inputs should be:\n",
    "- Array of 3D world points\n",
    "- Camera intrinsics\n",
    "- Camera extrinsics\n",
    "- Distortion coefficients (if needed)\n",
    "\n",
    "The output should be:\n",
    "- Array of 2D pixel coordinates"
   ]
  },
  {
   "cell_type": "code",
   "execution_count": 105,
   "metadata": {},
   "outputs": [],
   "source": [
    "def project_points(point, K, R, t): \n",
    "    '''Projects a 3D point into the image plane'''\n",
    "    print(\"R:\", R)\n",
    "    print(\"t:\", t)\n",
    "    print(\"K:\", K)\n",
    "\n",
    "    # Apply rotation\n",
    "    X = R@point\n",
    "    print (\"point after rotation\", X)\n",
    "\n",
    "    # Apply extrinsics\n",
    "    X = X + t.T\n",
    "    print(\"point after translation\", X)\n",
    "\n",
    "    # Apply instrinsics\n",
    "    X = K@X.T\n",
    "\n",
    "    print(\"point after intrinsics\", X)\n",
    "\n",
    "    X = X.T\n",
    "\n",
    "    X = X[0]\n",
    "    X = [X[0]/ X[2], X[1]/X[2]]\n",
    "\n",
    "\n",
    "\n",
    "    return X\n"
   ]
  },
  {
   "cell_type": "markdown",
   "metadata": {},
   "source": [
    "#### (c)\n",
    "Write a function **project_and_draw** that does the following:\n",
    "- Execute **project_points**\n",
    "- Execute **draw_points**\n",
    "- Save the result as an image file\n",
    "\n",
    "The inputs should be:\n",
    "- The data that is necessary to run your functions\n",
    "- Needs to run on **all images** with a single call"
   ]
  },
  {
   "cell_type": "code",
   "execution_count": 106,
   "metadata": {},
   "outputs": [],
   "source": [
    "def project_and_draw(image, points, color, K, R, t):\n",
    "  for point in points:\n",
    "    print(\"point before projection\", point)\n",
    "    point = project_points(point, K, R, t)\n",
    "    print(\"point after projection\", point)\n",
    "    image = draw_points(image, [point], color)\n",
    "  return image\n"
   ]
  },
  {
   "cell_type": "markdown",
   "metadata": {},
   "source": [
    "#### (d)\n",
    "Run your **project_and_draw** function once without and once with distortion modelling. Then display the following:\n",
    "- Your output for 00000.jpg **without any distortion modelling** in **red**\n",
    "- Your output for 00000.jpg **with added radial distortion** (k1, k2, and k5) in **green**"
   ]
  },
  {
   "cell_type": "code",
   "execution_count": 107,
   "metadata": {},
   "outputs": [
    {
     "name": "stdout",
     "output_type": "stream",
     "text": [
      "[0.09  0.135 0.   ]\n",
      "point before projection [0.   0.18 0.  ]\n",
      "R: [[-0.89583257  0.05973068  0.44035923]\n",
      " [ 0.11463702  0.98844862  0.09913467]\n",
      " [-0.42935109  0.13928954 -0.89233181]]\n",
      "t: [[ 0.04192682]\n",
      " [-0.21419555]\n",
      " [ 0.35270459]]\n",
      "K: [[376.64067184   0.         320.57546504]\n",
      " [  0.         374.71731472 247.85562599]\n",
      " [  0.           0.           1.        ]]\n",
      "point after rotation [0.01075152 0.17792075 0.02507212]\n",
      "point after translation [[ 0.05267834 -0.0362748   0.37777671]]\n",
      "point after intrinsics [[140.94674945]\n",
      " [ 80.04128647]\n",
      " [  0.37777671]]\n",
      "point after projection [373.0953935659373, 211.87459372719954]\n",
      "Center: [373.0953935659373, 211.87459372719954]\n",
      "Center (tuple): (373.0953935659373, 211.87459372719954)\n",
      "point before projection [0.045 0.18  0.   ]\n",
      "R: [[-0.89583257  0.05973068  0.44035923]\n",
      " [ 0.11463702  0.98844862  0.09913467]\n",
      " [-0.42935109  0.13928954 -0.89233181]]\n",
      "t: [[ 0.04192682]\n",
      " [-0.21419555]\n",
      " [ 0.35270459]]\n",
      "K: [[376.64067184   0.         320.57546504]\n",
      " [  0.         374.71731472 247.85562599]\n",
      " [  0.           0.           1.        ]]\n",
      "point after rotation [-0.02956094  0.18307942  0.00575132]\n",
      "point after translation [[ 0.01236588 -0.03111613  0.35845591]]\n",
      "point after intrinsics [[119.56966113]\n",
      " [ 77.18555909]\n",
      " [  0.35845591]]\n",
      "point after projection [333.5686712352919, 215.32790292516307]\n",
      "Center: [333.5686712352919, 215.32790292516307]\n",
      "Center (tuple): (333.5686712352919, 215.32790292516307)\n",
      "point before projection [0.09 0.18 0.  ]\n",
      "R: [[-0.89583257  0.05973068  0.44035923]\n",
      " [ 0.11463702  0.98844862  0.09913467]\n",
      " [-0.42935109  0.13928954 -0.89233181]]\n",
      "t: [[ 0.04192682]\n",
      " [-0.21419555]\n",
      " [ 0.35270459]]\n",
      "K: [[376.64067184   0.         320.57546504]\n",
      " [  0.         374.71731472 247.85562599]\n",
      " [  0.           0.           1.        ]]\n",
      "point after rotation [-0.06987341  0.18823808 -0.01356948]\n",
      "point after translation [[-0.02794659 -0.02595747  0.33913511]]\n",
      "point after intrinsics [[98.19257281]\n",
      " [74.32983172]\n",
      " [ 0.33913511]]\n",
      "point after projection [289.5382107746596, 219.17468771109466]\n",
      "Center: [289.5382107746596, 219.17468771109466]\n",
      "Center (tuple): (289.5382107746596, 219.17468771109466)\n",
      "point before projection [0.135 0.18  0.   ]\n",
      "R: [[-0.89583257  0.05973068  0.44035923]\n",
      " [ 0.11463702  0.98844862  0.09913467]\n",
      " [-0.42935109  0.13928954 -0.89233181]]\n",
      "t: [[ 0.04192682]\n",
      " [-0.21419555]\n",
      " [ 0.35270459]]\n",
      "K: [[376.64067184   0.         320.57546504]\n",
      " [  0.         374.71731472 247.85562599]\n",
      " [  0.           0.           1.        ]]\n",
      "point after rotation [-0.11018588  0.19339675 -0.03289028]\n",
      "point after translation [[-0.06825906 -0.0207988   0.31981431]]\n",
      "point after intrinsics [[76.8154845 ]\n",
      " [71.47410434]\n",
      " [ 0.31981431]]\n",
      "point after projection [240.18776522262604, 223.4862606799544]\n",
      "Center: [240.18776522262604, 223.4862606799544]\n",
      "Center (tuple): (240.18776522262604, 223.4862606799544)\n",
      "point before projection [0.18 0.18 0.  ]\n",
      "R: [[-0.89583257  0.05973068  0.44035923]\n",
      " [ 0.11463702  0.98844862  0.09913467]\n",
      " [-0.42935109  0.13928954 -0.89233181]]\n",
      "t: [[ 0.04192682]\n",
      " [-0.21419555]\n",
      " [ 0.35270459]]\n",
      "K: [[376.64067184   0.         320.57546504]\n",
      " [  0.         374.71731472 247.85562599]\n",
      " [  0.           0.           1.        ]]\n",
      "point after rotation [-0.15049834  0.19855541 -0.05221108]\n",
      "point after translation [[-0.10857152 -0.01564014  0.30049351]]\n",
      "point after intrinsics [[55.43839618]\n",
      " [68.61837696]\n",
      " [ 0.30049351]]\n",
      "point after projection [184.49115904387008, 228.35227513983108]\n",
      "Center: [184.49115904387008, 228.35227513983108]\n",
      "Center (tuple): (184.49115904387008, 228.35227513983108)\n",
      "point before projection [0.225 0.18  0.   ]\n",
      "R: [[-0.89583257  0.05973068  0.44035923]\n",
      " [ 0.11463702  0.98844862  0.09913467]\n",
      " [-0.42935109  0.13928954 -0.89233181]]\n",
      "t: [[ 0.04192682]\n",
      " [-0.21419555]\n",
      " [ 0.35270459]]\n",
      "K: [[376.64067184   0.         320.57546504]\n",
      " [  0.         374.71731472 247.85562599]\n",
      " [  0.           0.           1.        ]]\n",
      "point after rotation [-0.19081081  0.20371408 -0.07153188]\n",
      "point after translation [[-0.14888399 -0.01048147  0.28117271]]\n",
      "point after intrinsics [[34.06130786]\n",
      " [65.76264958]\n",
      " [ 0.28117271]]\n",
      "point after projection [121.14016185889713, 233.88702652773995]\n",
      "Center: [121.14016185889713, 233.88702652773995]\n",
      "Center (tuple): (121.14016185889713, 233.88702652773995)\n",
      "point before projection [0.27 0.18 0.  ]\n",
      "R: [[-0.89583257  0.05973068  0.44035923]\n",
      " [ 0.11463702  0.98844862  0.09913467]\n",
      " [-0.42935109  0.13928954 -0.89233181]]\n",
      "t: [[ 0.04192682]\n",
      " [-0.21419555]\n",
      " [ 0.35270459]]\n",
      "K: [[376.64067184   0.         320.57546504]\n",
      " [  0.         374.71731472 247.85562599]\n",
      " [  0.           0.           1.        ]]\n",
      "point after rotation [-0.23112327  0.20887275 -0.09085268]\n",
      "point after translation [[-0.18919645 -0.00532281  0.26185191]]\n",
      "point after intrinsics [[12.68421954]\n",
      " [62.90692221]\n",
      " [ 0.26185191]]\n",
      "point after projection [48.44043106058471, 240.23854353325294]\n",
      "Center: [48.44043106058471, 240.23854353325294]\n",
      "Center (tuple): (48.44043106058471, 240.23854353325294)\n",
      "point before projection [0.315 0.18  0.   ]\n",
      "R: [[-0.89583257  0.05973068  0.44035923]\n",
      " [ 0.11463702  0.98844862  0.09913467]\n",
      " [-0.42935109  0.13928954 -0.89233181]]\n",
      "t: [[ 0.04192682]\n",
      " [-0.21419555]\n",
      " [ 0.35270459]]\n",
      "K: [[376.64067184   0.         320.57546504]\n",
      " [  0.         374.71731472 247.85562599]\n",
      " [  0.           0.           1.        ]]\n",
      "point after rotation [-0.27143574  0.21403141 -0.11017348]\n",
      "point after translation [[-2.29508919e-01 -1.64140351e-04  2.42531114e-01]]\n",
      "point after intrinsics [[-8.69286878]\n",
      " [60.05119483]\n",
      " [ 0.24253111]]\n",
      "point after projection [-35.84228281997057, 247.60202458888787]\n",
      "Center: [-35.84228281997057, 247.60202458888787]\n",
      "Center (tuple): (-35.84228281997057, 247.60202458888787)\n",
      "point before projection [0.    0.135 0.   ]\n",
      "R: [[-0.89583257  0.05973068  0.44035923]\n",
      " [ 0.11463702  0.98844862  0.09913467]\n",
      " [-0.42935109  0.13928954 -0.89233181]]\n",
      "t: [[ 0.04192682]\n",
      " [-0.21419555]\n",
      " [ 0.35270459]]\n",
      "K: [[376.64067184   0.         320.57546504]\n",
      " [  0.         374.71731472 247.85562599]\n",
      " [  0.           0.           1.        ]]\n",
      "point after rotation [0.00806364 0.13344056 0.01880409]\n",
      "point after translation [[ 0.04999046 -0.08075499  0.37150868]]\n",
      "point after intrinsics [[137.92500798]\n",
      " [ 61.82022364]\n",
      " [  0.37150868]]\n",
      "point after projection [371.25648989206036, 166.4031749609758]\n",
      "Center: [371.25648989206036, 166.4031749609758]\n",
      "Center (tuple): (371.25648989206036, 166.4031749609758)\n",
      "point before projection [0.045 0.135 0.   ]\n",
      "R: [[-0.89583257  0.05973068  0.44035923]\n",
      " [ 0.11463702  0.98844862  0.09913467]\n",
      " [-0.42935109  0.13928954 -0.89233181]]\n",
      "t: [[ 0.04192682]\n",
      " [-0.21419555]\n",
      " [ 0.35270459]]\n",
      "K: [[376.64067184   0.         320.57546504]\n",
      " [  0.         374.71731472 247.85562599]\n",
      " [  0.           0.           1.        ]]\n",
      "point after rotation [-0.03224882  0.13859923 -0.00051671]\n",
      "point after translation [[ 0.00967799 -0.07559632  0.35218788]]\n",
      "point after intrinsics [[116.54791966]\n",
      " [ 58.96449627]\n",
      " [  0.35218788]]\n",
      "point after projection [330.92541354382024, 167.42341148711998]\n",
      "Center: [330.92541354382024, 167.42341148711998]\n",
      "Center (tuple): (330.92541354382024, 167.42341148711998)\n",
      "point before projection [0.09  0.135 0.   ]\n",
      "R: [[-0.89583257  0.05973068  0.44035923]\n",
      " [ 0.11463702  0.98844862  0.09913467]\n",
      " [-0.42935109  0.13928954 -0.89233181]]\n",
      "t: [[ 0.04192682]\n",
      " [-0.21419555]\n",
      " [ 0.35270459]]\n",
      "K: [[376.64067184   0.         320.57546504]\n",
      " [  0.         374.71731472 247.85562599]\n",
      " [  0.           0.           1.        ]]\n",
      "point after rotation [-0.07256129  0.1437579  -0.01983751]\n",
      "point after translation [[-0.03063447 -0.07043766  0.33286708]]\n",
      "point after intrinsics [[95.17083134]\n",
      " [56.10876889]\n",
      " [ 0.33286708]]\n",
      "point after projection [285.91241657138323, 168.5620843870437]\n",
      "Center: [285.91241657138323, 168.5620843870437]\n",
      "Center (tuple): (285.91241657138323, 168.5620843870437)\n",
      "point before projection [0.135 0.135 0.   ]\n",
      "R: [[-0.89583257  0.05973068  0.44035923]\n",
      " [ 0.11463702  0.98844862  0.09913467]\n",
      " [-0.42935109  0.13928954 -0.89233181]]\n",
      "t: [[ 0.04192682]\n",
      " [-0.21419555]\n",
      " [ 0.35270459]]\n",
      "K: [[376.64067184   0.         320.57546504]\n",
      " [  0.         374.71731472 247.85562599]\n",
      " [  0.           0.           1.        ]]\n",
      "point after rotation [-0.11287376  0.14891656 -0.03915831]\n",
      "point after translation [[-0.07094694 -0.06527899  0.31354628]]\n",
      "point after intrinsics [[73.79374302]\n",
      " [53.25304151]\n",
      " [ 0.31354628]]\n",
      "point after projection [235.35199566684588, 169.84108789636323]\n",
      "Center: [235.35199566684588, 169.84108789636323]\n",
      "Center (tuple): (235.35199566684588, 169.84108789636323)\n",
      "point before projection [0.18  0.135 0.   ]\n",
      "R: [[-0.89583257  0.05973068  0.44035923]\n",
      " [ 0.11463702  0.98844862  0.09913467]\n",
      " [-0.42935109  0.13928954 -0.89233181]]\n",
      "t: [[ 0.04192682]\n",
      " [-0.21419555]\n",
      " [ 0.35270459]]\n",
      "K: [[376.64067184   0.         320.57546504]\n",
      " [  0.         374.71731472 247.85562599]\n",
      " [  0.           0.           1.        ]]\n",
      "point after rotation [-0.15318622  0.15407523 -0.05847911]\n",
      "point after translation [[-0.1112594  -0.06012033  0.29422548]]\n",
      "point after intrinsics [[52.4166547 ]\n",
      " [50.39731413]\n",
      " [ 0.29422548]]\n",
      "point after projection [178.151308742169, 171.28806713433835]\n",
      "Center: [178.151308742169, 171.28806713433835]\n",
      "Center (tuple): (178.151308742169, 171.28806713433835)\n",
      "point before projection [0.225 0.135 0.   ]\n",
      "R: [[-0.89583257  0.05973068  0.44035923]\n",
      " [ 0.11463702  0.98844862  0.09913467]\n",
      " [-0.42935109  0.13928954 -0.89233181]]\n",
      "t: [[ 0.04192682]\n",
      " [-0.21419555]\n",
      " [ 0.35270459]]\n",
      "K: [[376.64067184   0.         320.57546504]\n",
      " [  0.         374.71731472 247.85562599]\n",
      " [  0.           0.           1.        ]]\n",
      "point after rotation [-0.19349869  0.15923389 -0.07779991]\n",
      "point after translation [[-0.15157187 -0.05496166  0.27490468]]\n",
      "point after intrinsics [[31.03956639]\n",
      " [47.54158676]\n",
      " [ 0.27490468]]\n",
      "point after projection [112.91028602269162, 172.93843901647423]\n",
      "Center: [112.91028602269162, 172.93843901647423]\n",
      "Center (tuple): (112.91028602269162, 172.93843901647423)\n",
      "point before projection [0.27  0.135 0.   ]\n",
      "R: [[-0.89583257  0.05973068  0.44035923]\n",
      " [ 0.11463702  0.98844862  0.09913467]\n",
      " [-0.42935109  0.13928954 -0.89233181]]\n",
      "t: [[ 0.04192682]\n",
      " [-0.21419555]\n",
      " [ 0.35270459]]\n",
      "K: [[376.64067184   0.         320.57546504]\n",
      " [  0.         374.71731472 247.85562599]\n",
      " [  0.           0.           1.        ]]\n",
      "point after rotation [-0.23381115  0.16439256 -0.09712071]\n",
      "point after translation [[-0.19188433 -0.04980299  0.25558388]]\n",
      "point after intrinsics [[ 9.66247807]\n",
      " [44.68585938]\n",
      " [ 0.25558388]]\n",
      "point after projection [37.805506050454746, 174.83832978938793]\n",
      "Center: [37.805506050454746, 174.83832978938793]\n",
      "Center (tuple): (37.805506050454746, 174.83832978938793)\n",
      "point before projection [0.315 0.135 0.   ]\n",
      "R: [[-0.89583257  0.05973068  0.44035923]\n",
      " [ 0.11463702  0.98844862  0.09913467]\n",
      " [-0.42935109  0.13928954 -0.89233181]]\n",
      "t: [[ 0.04192682]\n",
      " [-0.21419555]\n",
      " [ 0.35270459]]\n",
      "K: [[376.64067184   0.         320.57546504]\n",
      " [  0.         374.71731472 247.85562599]\n",
      " [  0.           0.           1.        ]]\n",
      "point after rotation [-0.27412362  0.16955122 -0.11644151]\n",
      "point after translation [[-0.2321968  -0.04464433  0.23626308]]\n",
      "point after intrinsics [[-11.71461025]\n",
      " [ 41.830132  ]\n",
      " [  0.23626308]]\n",
      "point after projection [-49.58290568787827, 177.0489538959043]\n",
      "Center: [-49.58290568787827, 177.0489538959043]\n",
      "Center (tuple): (-49.58290568787827, 177.0489538959043)\n",
      "point before projection [0.   0.09 0.  ]\n",
      "R: [[-0.89583257  0.05973068  0.44035923]\n",
      " [ 0.11463702  0.98844862  0.09913467]\n",
      " [-0.42935109  0.13928954 -0.89233181]]\n",
      "t: [[ 0.04192682]\n",
      " [-0.21419555]\n",
      " [ 0.35270459]]\n",
      "K: [[376.64067184   0.         320.57546504]\n",
      " [  0.         374.71731472 247.85562599]\n",
      " [  0.           0.           1.        ]]\n",
      "point after rotation [0.00537576 0.08896038 0.01253606]\n",
      "point after translation [[ 0.04730258 -0.12523518  0.36524065]]\n",
      "point after intrinsics [[134.90326651]\n",
      " [ 43.59916082]\n",
      " [  0.36524065]]\n",
      "point after projection [369.35447001341123, 119.37105270663167]\n",
      "Center: [369.35447001341123, 119.37105270663167]\n",
      "Center (tuple): (369.35447001341123, 119.37105270663167)\n",
      "point before projection [0.045 0.09  0.   ]\n",
      "R: [[-0.89583257  0.05973068  0.44035923]\n",
      " [ 0.11463702  0.98844862  0.09913467]\n",
      " [-0.42935109  0.13928954 -0.89233181]]\n",
      "t: [[ 0.04192682]\n",
      " [-0.21419555]\n",
      " [ 0.35270459]]\n",
      "K: [[376.64067184   0.         320.57546504]\n",
      " [  0.         374.71731472 247.85562599]\n",
      " [  0.           0.           1.        ]]\n",
      "point after rotation [-0.0349367   0.09411904 -0.00678474]\n",
      "point after translation [[ 0.00699011 -0.12007651  0.34591985]]\n",
      "point after intrinsics [[113.52617819]\n",
      " [ 40.74343344]\n",
      " [  0.34591985]]\n",
      "point after projection [328.1863647827408, 117.78287195634927]\n",
      "Center: [328.1863647827408, 117.78287195634927]\n",
      "Center (tuple): (328.1863647827408, 117.78287195634927)\n",
      "point before projection [0.09 0.09 0.  ]\n",
      "R: [[-0.89583257  0.05973068  0.44035923]\n",
      " [ 0.11463702  0.98844862  0.09913467]\n",
      " [-0.42935109  0.13928954 -0.89233181]]\n",
      "t: [[ 0.04192682]\n",
      " [-0.21419555]\n",
      " [ 0.35270459]]\n",
      "K: [[376.64067184   0.         320.57546504]\n",
      " [  0.         374.71731472 247.85562599]\n",
      " [  0.           0.           1.        ]]\n",
      "point after rotation [-0.07524917  0.09927771 -0.02610554]\n",
      "point after translation [[-0.03332235 -0.11491784  0.32659905]]\n",
      "point after intrinsics [[92.14908987]\n",
      " [37.88770606]\n",
      " [ 0.32659905]]\n",
      "point after projection [282.14745121232966, 116.00678544746701]\n",
      "Center: [282.14745121232966, 116.00678544746701]\n",
      "Center (tuple): (282.14745121232966, 116.00678544746701)\n",
      "point before projection [0.135 0.09  0.   ]\n",
      "R: [[-0.89583257  0.05973068  0.44035923]\n",
      " [ 0.11463702  0.98844862  0.09913467]\n",
      " [-0.42935109  0.13928954 -0.89233181]]\n",
      "t: [[ 0.04192682]\n",
      " [-0.21419555]\n",
      " [ 0.35270459]]\n",
      "K: [[376.64067184   0.         320.57546504]\n",
      " [  0.         374.71731472 247.85562599]\n",
      " [  0.           0.           1.        ]]\n",
      "point after rotation [-0.11556164  0.10443637 -0.04542634]\n",
      "point after translation [[-0.07363482 -0.10975918  0.30727825]]\n",
      "point after intrinsics [[70.77200155]\n",
      " [35.03197868]\n",
      " [ 0.30727825]]\n",
      "point after projection [230.3189407888782, 114.00734821057881]\n",
      "Center: [230.3189407888782, 114.00734821057881]\n",
      "Center (tuple): (230.3189407888782, 114.00734821057881)\n",
      "point before projection [0.18 0.09 0.  ]\n",
      "R: [[-0.89583257  0.05973068  0.44035923]\n",
      " [ 0.11463702  0.98844862  0.09913467]\n",
      " [-0.42935109  0.13928954 -0.89233181]]\n",
      "t: [[ 0.04192682]\n",
      " [-0.21419555]\n",
      " [ 0.35270459]]\n",
      "K: [[376.64067184   0.         320.57546504]\n",
      " [  0.         374.71731472 247.85562599]\n",
      " [  0.           0.           1.        ]]\n",
      "point after rotation [-0.1558741   0.10959504 -0.06474714]\n",
      "point after translation [[-0.11394728 -0.10460051  0.28795745]]\n",
      "point after intrinsics [[49.39491323]\n",
      " [32.17625131]\n",
      " [ 0.28795745]]\n",
      "point after projection [171.5354567880426, 111.73960241072824]\n",
      "Center: [171.5354567880426, 111.73960241072824]\n",
      "Center (tuple): (171.5354567880426, 111.73960241072824)\n",
      "point before projection [0.225 0.09  0.   ]\n",
      "R: [[-0.89583257  0.05973068  0.44035923]\n",
      " [ 0.11463702  0.98844862  0.09913467]\n",
      " [-0.42935109  0.13928954 -0.89233181]]\n",
      "t: [[ 0.04192682]\n",
      " [-0.21419555]\n",
      " [ 0.35270459]]\n",
      "K: [[376.64067184   0.         320.57546504]\n",
      " [  0.         374.71731472 247.85562599]\n",
      " [  0.           0.           1.        ]]\n",
      "point after rotation [-0.19618657  0.1147537  -0.08406794]\n",
      "point after translation [[-0.15425975 -0.09944185  0.26863665]]\n",
      "point after intrinsics [[28.01782491]\n",
      " [29.32052393]\n",
      " [ 0.26863665]]\n",
      "point after projection [104.29635908395379, 109.1456564411083]\n",
      "Center: [104.29635908395379, 109.1456564411083]\n",
      "Center (tuple): (104.29635908395379, 109.1456564411083)\n",
      "point before projection [0.27 0.09 0.  ]\n",
      "R: [[-0.89583257  0.05973068  0.44035923]\n",
      " [ 0.11463702  0.98844862  0.09913467]\n",
      " [-0.42935109  0.13928954 -0.89233181]]\n",
      "t: [[ 0.04192682]\n",
      " [-0.21419555]\n",
      " [ 0.35270459]]\n",
      "K: [[376.64067184   0.         320.57546504]\n",
      " [  0.         374.71731472 247.85562599]\n",
      " [  0.           0.           1.        ]]\n",
      "point after rotation [-0.23649903  0.11991237 -0.10338874]\n",
      "point after translation [[-0.19457221 -0.09428318  0.24931585]]\n",
      "point after intrinsics [[ 6.6407366 ]\n",
      " [26.46479655]\n",
      " [ 0.24931585]]\n",
      "point after projection [26.635837512535364, 106.14967339244643]\n",
      "Center: [26.635837512535364, 106.14967339244643]\n",
      "Center (tuple): (26.635837512535364, 106.14967339244643)\n",
      "point before projection [0.315 0.09  0.   ]\n",
      "R: [[-0.89583257  0.05973068  0.44035923]\n",
      " [ 0.11463702  0.98844862  0.09913467]\n",
      " [-0.42935109  0.13928954 -0.89233181]]\n",
      "t: [[ 0.04192682]\n",
      " [-0.21419555]\n",
      " [ 0.35270459]]\n",
      "K: [[376.64067184   0.         320.57546504]\n",
      " [  0.         374.71731472 247.85562599]\n",
      " [  0.           0.           1.        ]]\n",
      "point after rotation [-0.2768115   0.12507104 -0.12270954]\n",
      "point after translation [[-0.23488468 -0.08912452  0.22999506]]\n",
      "point after intrinsics [[-14.73635172]\n",
      " [ 23.60906918]\n",
      " [  0.22999506]]\n",
      "point after projection [-64.07247182574632, 102.65033355218613]\n",
      "Center: [-64.07247182574632, 102.65033355218613]\n",
      "Center (tuple): (-64.07247182574632, 102.65033355218613)\n",
      "point before projection [0.    0.045 0.   ]\n",
      "R: [[-0.89583257  0.05973068  0.44035923]\n",
      " [ 0.11463702  0.98844862  0.09913467]\n",
      " [-0.42935109  0.13928954 -0.89233181]]\n",
      "t: [[ 0.04192682]\n",
      " [-0.21419555]\n",
      " [ 0.35270459]]\n",
      "K: [[376.64067184   0.         320.57546504]\n",
      " [  0.         374.71731472 247.85562599]\n",
      " [  0.           0.           1.        ]]\n",
      "point after rotation [0.00268788 0.04448019 0.00626803]\n",
      "point after translation [[ 0.0446147  -0.16971536  0.35897262]]\n",
      "point after intrinsics [[131.88152503]\n",
      " [ 25.37809799]\n",
      " [  0.35897262]]\n",
      "point after projection [367.3860277095018, 70.69647252619559]\n",
      "Center: [367.3860277095018, 70.69647252619559]\n",
      "Center (tuple): (367.3860277095018, 70.69647252619559)\n",
      "point before projection [0.045 0.045 0.   ]\n",
      "R: [[-0.89583257  0.05973068  0.44035923]\n",
      " [ 0.11463702  0.98844862  0.09913467]\n",
      " [-0.42935109  0.13928954 -0.89233181]]\n",
      "t: [[ 0.04192682]\n",
      " [-0.21419555]\n",
      " [ 0.35270459]]\n",
      "K: [[376.64067184   0.         320.57546504]\n",
      " [  0.         374.71731472 247.85562599]\n",
      " [  0.           0.           1.        ]]\n",
      "point after rotation [-0.03762459  0.04963885 -0.01305277]\n",
      "point after translation [[ 0.00430223 -0.1645567   0.33965182]]\n",
      "point after intrinsics [[110.50443671]\n",
      " [ 22.52237061]\n",
      " [  0.33965182]]\n",
      "point after projection [325.34622168696217, 66.31017179036891]\n",
      "Center: [325.34622168696217, 66.31017179036891]\n",
      "Center (tuple): (325.34622168696217, 66.31017179036891)\n",
      "point before projection [0.09  0.045 0.   ]\n",
      "R: [[-0.89583257  0.05973068  0.44035923]\n",
      " [ 0.11463702  0.98844862  0.09913467]\n",
      " [-0.42935109  0.13928954 -0.89233181]]\n",
      "t: [[ 0.04192682]\n",
      " [-0.21419555]\n",
      " [ 0.35270459]]\n",
      "K: [[376.64067184   0.         320.57546504]\n",
      " [  0.         374.71731472 247.85562599]\n",
      " [  0.           0.           1.        ]]\n",
      "point after rotation [-0.07793705  0.05479752 -0.03237357]\n",
      "point after translation [[-0.03601023 -0.15939803  0.32033102]]\n",
      "point after intrinsics [[89.1273484 ]\n",
      " [19.66664324]\n",
      " [ 0.32033102]]\n",
      "point after projection [278.2351450654662, 61.39475067877614]\n",
      "Center: [278.2351450654662, 61.39475067877614]\n",
      "Center (tuple): (278.2351450654662, 61.39475067877614)\n",
      "point before projection [0.135 0.045 0.   ]\n",
      "R: [[-0.89583257  0.05973068  0.44035923]\n",
      " [ 0.11463702  0.98844862  0.09913467]\n",
      " [-0.42935109  0.13928954 -0.89233181]]\n",
      "t: [[ 0.04192682]\n",
      " [-0.21419555]\n",
      " [ 0.35270459]]\n",
      "K: [[376.64067184   0.         320.57546504]\n",
      " [  0.         374.71731472 247.85562599]\n",
      " [  0.           0.           1.        ]]\n",
      "point after rotation [-0.11824952  0.05995619 -0.05169437]\n",
      "point after translation [[-0.0763227  -0.15423937  0.30101022]]\n",
      "point after intrinsics [[67.75026008]\n",
      " [16.81091586]\n",
      " [ 0.30101022]]\n",
      "point after projection [225.0762761885489, 55.848322002451575]\n",
      "Center: [225.0762761885489, 55.848322002451575]\n",
      "Center (tuple): (225.0762761885489, 55.848322002451575)\n",
      "point before projection [0.18  0.045 0.   ]\n",
      "R: [[-0.89583257  0.05973068  0.44035923]\n",
      " [ 0.11463702  0.98844862  0.09913467]\n",
      " [-0.42935109  0.13928954 -0.89233181]]\n",
      "t: [[ 0.04192682]\n",
      " [-0.21419555]\n",
      " [ 0.35270459]]\n",
      "K: [[376.64067184   0.         320.57546504]\n",
      " [  0.         374.71731472 247.85562599]\n",
      " [  0.           0.           1.        ]]\n",
      "point after rotation [-0.15856198  0.06511485 -0.07101517]\n",
      "point after translation [[-0.11663516 -0.1490807   0.28168942]]\n",
      "point after intrinsics [[46.37317176]\n",
      " [13.95518848]\n",
      " [ 0.28168942]]\n",
      "point after projection [164.62517877943728, 49.54104520614678]\n",
      "Center: [164.62517877943728, 49.54104520614678]\n",
      "Center (tuple): (164.62517877943728, 49.54104520614678)\n",
      "point before projection [0.225 0.045 0.   ]\n",
      "R: [[-0.89583257  0.05973068  0.44035923]\n",
      " [ 0.11463702  0.98844862  0.09913467]\n",
      " [-0.42935109  0.13928954 -0.89233181]]\n",
      "t: [[ 0.04192682]\n",
      " [-0.21419555]\n",
      " [ 0.35270459]]\n",
      "K: [[376.64067184   0.         320.57546504]\n",
      " [  0.         374.71731472 247.85562599]\n",
      " [  0.           0.           1.        ]]\n",
      "point after rotation [-0.19887445  0.07027352 -0.09033597]\n",
      "point after translation [[-0.15694763 -0.14392204  0.26236862]]\n",
      "point after intrinsics [[24.99608344]\n",
      " [11.0994611 ]\n",
      " [ 0.26236862]]\n",
      "point after projection [95.27085591268084, 42.30483395293326]\n",
      "Center: [95.27085591268084, 42.30483395293326]\n",
      "Center (tuple): (95.27085591268084, 42.30483395293326)\n",
      "point before projection [0.27  0.045 0.   ]\n",
      "R: [[-0.89583257  0.05973068  0.44035923]\n",
      " [ 0.11463702  0.98844862  0.09913467]\n",
      " [-0.42935109  0.13928954 -0.89233181]]\n",
      "t: [[ 0.04192682]\n",
      " [-0.21419555]\n",
      " [ 0.35270459]]\n",
      "K: [[376.64067184   0.         320.57546504]\n",
      " [  0.         374.71731472 247.85562599]\n",
      " [  0.           0.           1.        ]]\n",
      "point after rotation [-0.23918691  0.07543218 -0.10965677]\n",
      "point after translation [[-0.19726009 -0.13876337  0.24304783]]\n",
      "point after intrinsics [[3.61899512]\n",
      " [8.24373373]\n",
      " [0.24304783]]\n",
      "point after projection [14.890053490436946, 33.91815460855192]\n",
      "Center: [14.890053490436946, 33.91815460855192]\n",
      "Center (tuple): (14.890053490436946, 33.91815460855192)\n",
      "point before projection [0.315 0.045 0.   ]\n",
      "R: [[-0.89583257  0.05973068  0.44035923]\n",
      " [ 0.11463702  0.98844862  0.09913467]\n",
      " [-0.42935109  0.13928954 -0.89233181]]\n",
      "t: [[ 0.04192682]\n",
      " [-0.21419555]\n",
      " [ 0.35270459]]\n",
      "K: [[376.64067184   0.         320.57546504]\n",
      " [  0.         374.71731472 247.85562599]\n",
      " [  0.           0.           1.        ]]\n",
      "point after rotation [-0.27949938  0.08059085 -0.12897756]\n",
      "point after translation [[-0.23757256 -0.1336047   0.22372703]]\n",
      "point after intrinsics [[-17.75809319]\n",
      " [  5.38800635]\n",
      " [  0.22372703]]\n",
      "point after projection [-79.37392934913693, 24.08294801722053]\n",
      "Center: [-79.37392934913693, 24.08294801722053]\n",
      "Center (tuple): (-79.37392934913693, 24.08294801722053)\n",
      "point before projection [0. 0. 0.]\n",
      "R: [[-0.89583257  0.05973068  0.44035923]\n",
      " [ 0.11463702  0.98844862  0.09913467]\n",
      " [-0.42935109  0.13928954 -0.89233181]]\n",
      "t: [[ 0.04192682]\n",
      " [-0.21419555]\n",
      " [ 0.35270459]]\n",
      "K: [[376.64067184   0.         320.57546504]\n",
      " [  0.         374.71731472 247.85562599]\n",
      " [  0.           0.           1.        ]]\n",
      "point after rotation [0. 0. 0.]\n",
      "point after translation [[ 0.04192682 -0.21419555  0.35270459]]\n",
      "point after intrinsics [[128.85978356]\n",
      " [  7.15703516]\n",
      " [  0.35270459]]\n",
      "point after projection [365.3476217361231, 20.2918684418155]\n",
      "Center: [365.3476217361231, 20.2918684418155]\n",
      "Center (tuple): (365.3476217361231, 20.2918684418155)\n",
      "point before projection [0.045 0.    0.   ]\n",
      "R: [[-0.89583257  0.05973068  0.44035923]\n",
